version https://git-lfs.github.com/spec/v1
oid sha256:a2ba8742348f075ebc286a6ac22ad1ebf38ac382acc5e42ddeb8621f1eadc63f
size 5148
