version https://git-lfs.github.com/spec/v1
oid sha256:95cc0e2fd439a43b06d6e8e30f8a9d2a1adcd2edc1b93e15b47b4f415968a4f6
size 3573
