version https://git-lfs.github.com/spec/v1
oid sha256:68e94c85791f8d70e4b55182946b28d7c987a0b8ade2bfeff6991b7548623824
size 3414
