version https://git-lfs.github.com/spec/v1
oid sha256:6667a9e2bb2bfe9874d870e6369a5833f59869f63c63290e6e13459ab041ca6a
size 5410
