version https://git-lfs.github.com/spec/v1
oid sha256:5fe933a2e59bc94f3a7cbfa258dee2abc8bd6991a4a3eaba56cb754a86dddadb
size 3725
