version https://git-lfs.github.com/spec/v1
oid sha256:e92359ca0077cde9aacc44a7872a7d1f47e5eb3d231ee402fff04185460b3273
size 2956
